22 6 33 9 40 24 48 34 46 29 12 10 1 39 35 4 17 5 45 11 3 42 0 8 38 44 13 14 26 18 49 25 30 43 37 16 23 32 15 2 31 20 36 19 47 50 7 28 27 21 41 
15 14 11 0 26 16 8 45 12 28 13 35 31 17 34 9 10 48 40 37 6 42 50 39 19 25 47 2 41 24 3 21 36 27 23 30 22 5 46 44 33 20 43 18 4 1 32 29 38 7 49 
33 38 50 17 23 0 35 36 16 41 49 44 32 21 30 3 4 14 18 34 1 25 42 48 28 24 46 8 37 7 13 31 43 20 45 9 10 6 22 29 47 5 11 39 19 15 2 26 27 12 40 
30 9 48 24 16 18 33 10 27 47 7 32 3 41 39 25 14 36 6 29 38 50 2 45 11 26 44 22 42 13 40 35 23 20 12 43 34 49 17 31 4 46 0 5 1 15 37 28 8 19 21 
26 40 2 18 5 27 32 36 10 22 13 38 42 9 0 30 37 50 19 12 48 28 49 6 45 47 4 44 25 20 3 23 11 34 29 39 46 33 16 35 8 14 41 1 17 7 21 43 31 15 24 
21 45 18 43 10 42 47 13 38 11 44 26 8 27 29 12 9 20 17 6 36 23 2 40 4 15 0 46 24 41 50 33 5 22 25 37 34 31 49 14 48 30 3 16 7 28 19 1 32 35 39 
16 35 13 24 33 4 27 11 8 41 14 5 0 26 3 23 46 50 20 44 6 28 45 25 37 7 43 36 1 29 42 22 38 47 19 12 39 18 34 30 15 49 17 31 10 21 32 48 2 9 40 
17 27 2 37 15 13 32 48 11 9 26 50 19 6 5 3 4 35 10 44 0 16 22 45 41 7 28 40 8 12 34 18 1 49 46 30 38 14 29 24 43 47 25 36 20 33 39 21 42 23 31 
49 46 39 13 50 36 47 9 8 33 32 40 3 19 5 30 7 22 24 41 0 18 1 11 23 2 16 35 20 42 4 45 12 34 44 15 28 29 31 6 25 10 26 48 21 43 17 38 14 27 37 
41 25 42 17 34 36 20 29 43 5 0 1 28 12 19 47 49 2 21 22 7 15 31 48 38 23 46 10 3 33 18 13 35 44 6 26 40 37 50 11 24 4 16 39 14 32 27 45 9 8 30 
