7 41 47 28 18 19 16 33 8 3 46 26 2 24 45 1 42 49 11 0 29 32 36 4 5 39 43 12 14 15 17 34 50 31 35 20 44 22 13 21 51 25 48 30 38 37 23 9 40 10 27 6 
25 33 14 36 31 16 19 11 10 44 42 22 24 29 23 28 46 0 5 2 3 27 47 32 48 35 30 12 45 38 51 9 18 26 20 40 8 13 49 1 6 21 7 15 34 43 17 50 41 37 39 4 
26 17 42 44 29 11 27 43 35 37 19 16 1 33 40 22 12 32 48 41 34 9 31 14 21 6 38 24 10 50 8 46 4 5 20 3 36 28 47 30 45 51 0 7 18 25 2 39 13 15 49 23 
35 33 41 34 24 7 40 37 21 5 28 16 44 6 30 45 29 22 23 11 32 4 38 17 19 49 39 36 10 12 3 50 0 14 43 2 8 48 15 51 9 25 18 27 42 31 46 20 26 1 47 13 
25 47 6 46 30 20 28 4 24 35 14 32 17 15 39 22 29 27 23 8 26 40 18 51 49 0 2 11 5 21 45 43 44 36 33 7 48 12 9 1 37 34 3 42 38 10 16 19 13 41 50 31 
49 0 33 2 44 25 21 50 41 38 16 15 36 5 8 48 27 10 7 43 17 29 3 30 14 22 47 12 11 23 4 37 13 51 31 18 35 28 39 46 24 42 20 6 1 34 26 32 9 45 40 19 
36 40 2 32 17 48 12 7 5 50 14 4 29 8 19 49 28 41 11 45 37 43 10 6 27 13 46 25 26 39 24 1 38 23 44 15 0 22 18 51 9 33 42 35 3 20 16 21 31 34 47 30 
8 51 20 42 11 1 48 25 6 10 49 35 29 28 26 31 27 19 43 36 41 37 23 17 0 38 7 21 44 12 13 15 34 33 9 39 16 4 40 22 32 24 5 30 50 2 14 3 18 46 47 45 
40 38 5 47 45 22 16 29 18 11 3 41 20 44 13 19 27 21 26 10 2 8 23 30 0 17 49 28 35 46 37 33 6 42 1 43 24 39 9 25 7 50 51 36 4 14 48 34 32 31 12 15 
40 7 22 8 37 13 25 50 29 14 0 44 10 32 43 34 49 30 15 4 45 20 35 18 36 2 27 33 31 16 42 5 19 46 1 17 11 48 3 51 21 41 28 6 9 23 39 24 26 12 47 38 
