3 44 21 2 27 52 36 35 14 33 45 20 1 26 41 54 11 48 5 6 55 10 13 8 16 46 9 53 17 4 30 31 34 40 28 15 47 25 19 51 50 24 23 39 18 42 22 38 29 12 49 7 32 37 43 0 
17 0 54 8 25 43 51 39 6 40 55 53 2 5 30 11 1 35 33 34 49 50 21 18 48 22 41 20 14 19 28 32 13 44 29 7 9 3 37 23 12 47 42 26 36 31 52 45 38 10 15 16 46 24 4 27 
12 4 30 16 26 3 20 6 37 0 10 52 21 19 9 5 13 41 15 18 55 50 29 34 38 40 8 17 39 43 49 45 44 23 53 1 11 36 48 54 25 7 31 28 33 32 46 27 24 2 47 35 14 22 42 51 
47 38 32 14 1 13 25 46 34 29 21 5 52 41 53 37 40 19 11 15 3 10 31 17 51 27 18 22 55 0 36 20 30 54 48 8 12 16 28 33 49 39 43 50 45 7 44 2 26 9 35 6 23 24 4 42 
13 54 52 32 51 37 50 27 6 33 31 5 18 40 47 8 53 19 10 17 30 2 35 11 24 45 4 22 55 26 46 15 49 1 12 21 14 25 7 0 41 23 29 48 16 34 44 3 9 38 20 42 28 36 43 39 
22 24 21 8 43 6 28 49 42 23 11 35 9 54 0 37 16 33 32 46 1 17 4 2 34 10 51 20 18 15 7 31 53 29 41 48 40 38 30 45 26 52 55 27 44 3 5 12 36 47 13 50 19 14 25 39 
24 48 32 8 25 12 55 50 10 44 52 27 46 40 42 20 53 16 38 17 36 4 23 14 31 13 41 5 0 47 37 18 22 51 39 9 26 6 45 3 49 7 21 43 1 19 15 28 34 33 11 2 29 54 30 35 
52 46 17 39 21 42 43 5 18 23 2 3 22 4 38 0 35 15 48 32 20 49 19 33 37 9 51 45 40 47 7 34 30 28 16 31 8 10 24 27 53 41 1 36 6 25 11 14 44 13 12 54 29 50 26 55 
13 6 37 8 21 11 28 49 17 20 24 46 40 26 31 44 16 9 35 19 32 55 22 1 30 43 36 12 29 45 41 5 25 15 42 39 54 53 3 38 47 50 10 0 2 51 18 34 52 23 4 27 48 14 33 7 
51 30 9 13 31 55 38 35 14 43 37 12 24 4 17 29 0 1 40 11 20 15 27 19 49 5 47 45 53 41 23 2 25 3 33 48 54 52 36 44 34 50 16 10 6 8 28 46 21 32 7 26 39 18 22 42 
