26 62 39 28 1 27 63 43 12 49 55 2 23 4 9 35 29 6 57 33 48 51 30 50 34 40 58 59 46 56 24 45 19 8 17 18 21 3 14 53 7 54 42 13 37 52 15 61 38 44 25 31 5 11 0 16 47 41 22 10 20 32 60 36 
15 58 37 1 6 9 21 29 30 22 61 56 17 38 57 31 5 49 24 36 4 8 63 2 26 12 45 10 42 60 53 62 14 35 48 11 59 46 13 44 40 34 39 50 41 55 7 43 32 27 54 20 28 51 47 18 33 19 23 16 3 52 0 25 
12 58 39 44 53 13 42 47 59 43 54 14 24 61 9 8 18 32 51 4 6 5 62 31 1 22 63 49 56 37 2 21 55 60 15 35 50 29 11 10 57 46 48 25 45 28 0 36 16 38 41 23 30 40 52 7 3 19 17 26 33 34 27 20 
37 36 12 27 3 10 38 61 28 54 20 15 5 49 23 16 52 9 59 62 31 30 41 8 45 40 42 33 4 53 32 58 7 39 51 17 24 1 55 60 19 34 25 14 29 63 0 44 57 48 11 13 22 6 47 56 2 18 46 21 26 50 35 43 
51 42 36 50 54 4 23 10 9 62 58 57 17 30 35 60 0 18 41 29 15 25 45 8 55 59 63 53 37 48 14 52 6 56 27 12 47 28 20 61 49 34 31 13 16 7 5 2 3 1 26 44 11 32 40 21 22 33 38 24 43 19 39 46 
59 43 28 4 63 39 35 16 37 0 10 13 17 34 29 31 23 38 51 47 54 46 18 30 22 2 50 56 14 11 5 48 41 19 61 9 60 26 20 12 27 1 15 21 55 25 32 42 3 57 36 33 8 7 24 49 44 52 45 6 40 58 62 53 
51 32 59 44 8 61 6 40 43 53 38 35 33 63 11 36 5 20 42 29 34 58 50 55 45 37 2 12 39 62 27 28 10 14 13 0 48 49 41 26 52 1 23 31 24 9 18 7 60 54 16 4 47 30 22 57 17 3 25 21 19 46 56 15 
60 46 55 37 53 52 3 15 20 25 43 30 61 29 51 9 32 49 6 42 31 18 59 50 28 8 44 34 26 56 0 11 38 21 10 58 48 27 57 24 1 19 33 63 36 35 13 16 45 12 14 5 40 54 39 7 17 47 2 4 62 23 22 41 
6 49 27 57 25 13 12 54 38 2 44 55 56 18 16 4 35 32 20 48 31 8 29 41 53 46 15 42 7 39 28 62 51 50 47 23 43 63 5 9 3 11 14 26 59 60 21 1 17 22 24 36 61 33 19 52 37 45 30 0 58 10 40 34 
45 18 13 22 39 10 8 48 37 62 51 53 24 57 30 25 15 20 41 49 28 56 58 12 46 21 52 3 7 17 0 5 42 63 4 26 55 2 36 9 14 47 54 50 1 19 31 34 27 43 23 60 33 44 40 16 38 35 11 59 29 32 6 61 
