14 20 22 27 28 8 9 18 23 13 21 1 17 11 0 16 10 25 12 15 5 4 6 7 24 19 26 2 3 
15 17 21 7 27 4 0 19 5 2 22 16 12 24 26 25 10 6 20 14 3 23 8 18 1 13 11 9 28 
0 17 21 14 28 1 5 22 10 24 20 2 23 19 25 3 7 15 8 27 9 13 6 18 11 26 16 12 4 
11 28 15 9 25 27 19 7 23 20 16 26 1 21 4 0 14 8 10 13 18 5 22 3 24 2 6 12 17 
21 6 8 22 4 9 7 28 18 11 20 19 14 1 12 5 24 3 15 13 25 2 16 23 27 26 0 17 10 
26 0 8 1 14 22 4 28 23 2 11 21 17 7 10 25 13 19 5 3 24 15 20 18 16 12 27 9 6 
28 24 0 2 10 16 12 6 22 11 3 21 25 23 17 18 1 8 7 5 4 13 15 9 20 19 14 27 26 
27 4 10 23 20 28 7 5 26 16 1 13 9 11 25 17 3 8 15 18 2 19 21 14 6 22 24 12 0 
9 20 2 13 8 7 16 22 10 6 1 5 17 15 27 14 12 28 18 19 11 21 24 4 0 23 25 3 26 
24 20 27 9 7 21 12 22 10 5 16 1 23 4 11 3 17 8 13 6 2 19 18 26 28 0 14 25 15 
