9 19 12 8 6 32 15 3 30 5 13 10 4 18 28 17 25 14 7 2 20 0 26 21 27 1 16 22 24 23 29 31 11 
27 23 1 2 19 17 13 29 31 25 24 9 30 3 32 26 6 10 22 4 28 14 5 16 0 20 18 15 21 12 7 11 8 
32 16 3 0 18 1 7 8 4 11 28 21 25 6 13 27 14 9 22 15 31 12 29 10 23 2 20 26 24 19 17 30 5 
15 4 25 11 8 7 26 22 3 5 20 29 9 31 24 12 16 0 17 27 6 30 2 19 10 1 21 23 18 14 13 32 28 
27 20 2 9 17 25 29 1 3 23 6 31 5 8 30 14 4 28 22 32 26 21 13 18 15 16 7 11 19 10 24 12 0 
26 28 10 4 9 18 12 19 14 25 24 23 17 0 30 3 31 15 32 7 16 8 21 1 6 2 20 13 27 11 29 5 22 
25 2 4 23 32 0 5 14 17 20 22 31 7 15 10 26 21 19 3 24 30 1 16 9 8 12 6 18 27 28 29 13 11 
24 1 25 17 6 32 12 5 22 21 29 7 0 11 30 3 20 4 26 15 28 19 10 31 18 23 9 14 2 16 27 13 8 
10 22 30 8 21 16 29 20 23 14 7 2 27 18 12 4 28 13 31 17 1 5 24 11 0 3 26 32 25 19 9 15 6 
0 32 10 12 19 5 20 23 24 8 30 3 4 15 29 27 6 26 28 25 7 22 1 31 11 13 9 2 18 21 16 14 17 
