31 27 14 30 3 8 12 4 21 15 16 17 5 24 0 2 6 23 13 19 22 25 9 34 26 28 35 33 10 11 7 32 18 1 29 20 
34 15 32 18 0 24 2 16 17 25 30 9 7 1 35 13 26 8 27 23 4 14 12 28 10 22 29 33 31 11 6 19 21 20 5 3 
17 30 13 18 12 35 3 22 28 7 14 9 26 15 20 21 27 25 5 33 1 19 2 29 10 11 34 6 16 4 23 8 24 0 31 32 
5 4 10 0 3 7 33 17 11 18 19 23 12 8 1 2 28 30 21 26 25 13 27 32 35 29 31 20 34 15 9 14 6 16 24 22 
32 19 29 18 23 2 17 14 15 20 30 35 22 13 11 28 8 34 5 33 31 12 9 24 16 6 1 26 25 0 3 10 27 21 7 4 
2 6 12 29 8 14 0 31 11 28 26 30 20 21 34 9 10 23 15 13 1 3 32 19 22 17 25 33 4 24 27 5 7 18 35 16 
22 33 15 26 5 11 1 27 28 10 3 19 9 25 16 31 34 35 20 13 24 4 17 0 8 21 12 32 23 14 7 18 29 2 30 6 
21 18 28 30 22 23 14 25 35 19 20 17 9 33 31 3 13 32 29 26 10 16 5 12 24 11 7 6 34 8 15 27 1 2 0 4 
5 17 14 31 15 25 20 16 12 26 32 34 10 27 9 35 4 6 28 2 7 22 0 11 3 21 29 33 8 23 19 24 13 1 30 18 
1 35 9 27 32 26 28 31 8 18 17 4 20 34 15 12 29 10 14 13 23 5 7 25 24 2 6 0 3 33 30 21 19 16 11 22 
