24 16 37 20 38 33 9 0 10 15 32 22 17 40 4 21 12 18 34 27 28 31 23 26 42 1 14 29 19 13 3 35 7 25 30 36 39 11 41 5 6 2 8 
31 36 13 21 40 30 32 29 24 9 18 3 34 33 19 2 14 4 42 5 25 16 37 8 6 11 28 22 12 39 23 20 1 17 35 41 7 26 38 27 0 15 10 
29 1 30 9 2 32 14 20 42 17 8 27 15 37 40 38 11 16 36 18 35 25 22 12 33 31 26 10 13 3 4 7 24 0 21 23 6 19 39 34 41 28 5 
29 2 1 40 14 0 34 22 19 6 35 15 4 12 32 38 26 18 21 30 36 41 11 16 28 25 39 17 9 23 27 7 20 24 42 13 8 10 3 31 37 33 5 
34 12 7 27 14 36 30 33 42 20 16 21 17 10 15 19 25 6 4 11 28 9 0 8 35 32 22 3 41 37 26 29 40 39 5 38 24 13 31 2 1 23 18 
10 11 25 15 37 38 21 13 3 40 19 2 27 28 29 22 16 1 14 34 30 33 9 4 36 39 18 5 12 20 6 32 7 8 41 26 23 42 35 0 31 24 17 
30 22 0 17 25 5 6 21 35 23 28 36 39 10 40 19 1 27 3 16 29 18 2 34 8 15 37 26 11 9 41 38 14 7 31 4 32 13 20 24 33 12 42 
18 29 13 5 21 31 8 15 9 39 33 41 27 12 20 3 28 14 34 36 22 25 19 35 4 40 0 26 1 42 23 24 7 6 38 30 10 2 11 32 37 17 16 
29 5 26 30 35 34 32 1 25 12 15 7 13 23 21 9 33 42 16 14 37 27 20 0 10 4 17 41 31 3 19 36 39 24 18 22 2 38 28 6 8 11 40 
7 16 18 13 15 27 14 29 30 40 34 22 5 41 11 24 33 9 39 12 36 25 26 38 4 42 10 17 19 2 23 0 3 8 31 21 32 37 28 1 35 6 20 
