1 12 26 17 23 41 8 31 7 19 20 37 28 14 16 3 2 24 39 5 43 36 34 13 27 11 25 32 38 10 40 4 22 21 0 42 35 33 9 6 18 30 29 15 
41 21 15 24 4 3 32 14 38 0 31 22 30 13 18 7 16 11 1 36 5 20 42 6 34 8 17 40 29 27 37 26 9 28 33 2 43 39 25 35 10 23 19 12 
31 7 40 16 27 12 20 28 30 37 9 6 36 15 43 14 13 42 23 4 34 26 38 25 3 19 22 18 17 39 32 33 21 29 10 0 24 11 8 41 1 5 2 35 
31 30 14 32 2 26 37 13 10 36 27 11 20 1 22 40 23 16 18 25 39 33 35 28 3 38 34 0 12 43 24 7 5 9 17 19 41 21 42 8 6 4 29 15 
20 41 28 31 21 27 0 42 9 25 35 15 22 8 39 7 13 14 5 17 18 34 40 4 10 37 6 23 12 19 43 26 36 38 32 1 3 11 24 33 30 16 29 2 
8 32 19 14 41 20 0 35 26 9 5 15 28 13 7 22 10 42 16 37 25 31 39 21 38 23 17 30 3 40 18 6 11 33 4 24 43 36 34 27 1 12 29 2 
39 2 16 15 40 24 35 32 4 18 6 29 8 7 17 43 9 20 12 31 36 41 21 27 26 5 3 23 37 0 14 28 11 13 25 42 38 30 34 33 10 19 1 22 
15 11 16 35 2 32 31 5 40 21 18 9 38 25 28 29 19 10 41 43 37 14 22 24 1 12 34 13 20 17 36 42 33 26 6 7 39 4 8 23 27 3 30 0 
21 35 10 2 17 22 16 23 32 41 6 29 31 28 13 40 7 43 24 5 0 9 3 15 42 8 26 18 36 20 11 30 14 33 19 34 38 25 39 37 4 27 1 12 
43 34 18 9 7 15 3 11 39 16 36 30 33 6 5 19 14 22 13 40 17 37 29 0 2 42 27 26 24 8 41 25 31 12 23 28 21 10 35 4 1 20 38 32 
