42 26 27 34 21 41 12 10 25 32 31 44 1 39 30 0 11 13 35 38 3 4 40 45 20 28 5 14 22 7 19 46 6 36 18 2 43 47 16 33 24 37 17 15 29 8 9 23 
44 29 39 6 16 35 18 36 11 42 14 33 40 46 27 17 24 38 5 21 37 20 13 45 30 22 12 8 9 2 10 26 47 1 3 43 4 15 31 25 28 34 41 0 23 32 7 19 
0 7 32 14 2 40 41 34 29 12 9 39 5 38 33 24 35 44 8 42 27 19 31 17 43 46 36 47 22 1 11 45 28 10 4 6 18 23 26 37 20 30 13 25 3 15 16 21 
47 30 16 43 28 13 17 42 26 14 2 24 27 41 35 11 25 33 45 36 31 8 40 15 21 46 32 7 38 37 18 19 3 34 0 6 22 23 1 12 10 9 5 20 29 39 44 4 
7 39 27 43 16 22 5 47 23 4 26 36 45 10 28 13 37 25 0 42 1 8 34 21 19 24 29 46 9 6 18 14 31 12 3 38 33 17 35 2 44 32 41 40 15 30 11 20 
37 42 36 1 27 22 6 13 10 28 40 2 26 19 39 23 24 30 29 20 0 46 47 43 41 17 45 11 18 31 34 7 15 9 21 12 33 5 4 3 14 32 35 16 38 8 25 44 
46 8 35 11 37 19 29 12 23 33 34 31 17 7 4 9 5 26 24 44 6 45 27 30 21 14 0 43 41 15 42 38 2 32 20 36 39 3 18 25 10 13 40 28 16 47 22 1 
0 5 43 1 17 4 21 10 18 13 44 20 11 37 36 31 29 22 38 14 23 3 9 16 34 32 42 35 47 2 8 19 27 26 25 40 45 7 15 24 12 28 41 46 33 30 39 6 
27 15 10 43 21 12 7 24 3 23 14 34 1 2 46 42 40 47 16 11 25 22 36 45 32 38 37 8 4 29 31 13 0 5 33 26 6 19 44 41 17 30 28 18 9 39 20 35 
29 39 23 38 37 40 17 26 33 32 11 7 34 28 2 8 25 20 16 41 22 19 3 44 10 13 36 31 46 9 15 18 45 27 42 14 21 47 1 43 5 35 0 30 4 24 6 12 
