4 5 7 18 9 32 21 45 34 35 14 1 17 3 13 23 46 10 0 41 38 33 40 15 37 47 11 44 30 25 26 36 16 12 27 2 20 19 8 6 29 24 43 28 22 39 42 31 
13 38 42 10 17 0 22 35 15 14 23 34 27 39 24 45 11 30 20 8 3 44 40 36 28 37 43 4 5 29 21 19 18 2 7 46 16 26 33 25 31 6 1 41 32 9 47 12 
5 21 26 41 6 30 43 36 1 42 8 15 13 34 19 10 32 39 37 31 7 24 28 14 23 18 12 9 29 46 44 38 4 11 17 25 35 45 22 3 16 20 2 47 27 33 40 0 
5 19 22 45 25 47 1 46 41 32 14 20 28 37 15 8 30 23 3 9 36 12 34 40 31 27 17 38 35 29 2 11 4 6 33 42 18 44 39 26 24 16 7 10 13 21 43 0 
7 28 9 11 19 43 31 4 18 45 26 40 15 14 29 8 6 46 41 35 36 10 24 5 16 37 22 1 12 0 42 27 17 44 47 32 39 34 23 2 38 33 20 21 13 25 3 30 
25 6 35 47 8 4 3 42 16 36 29 39 45 12 17 46 1 41 31 37 43 20 26 32 28 38 13 14 27 11 34 2 40 23 30 0 10 15 24 5 33 7 44 19 18 9 22 21 
7 4 24 43 16 44 36 47 10 26 8 30 46 14 15 1 22 45 33 34 6 5 41 13 11 21 9 38 31 35 17 42 28 23 18 0 2 39 27 12 29 37 3 40 32 20 19 25 
30 29 40 37 7 3 36 13 15 31 20 28 14 45 39 43 25 8 5 34 16 22 32 9 11 41 17 46 2 42 27 0 21 24 35 47 44 6 38 10 23 33 4 12 18 26 19 1 
19 43 20 18 24 30 37 35 47 36 21 42 12 32 8 7 26 9 22 28 2 38 46 5 10 27 23 16 13 33 39 15 6 11 17 41 34 45 0 44 4 25 40 14 3 31 1 29 
4 42 47 34 25 0 24 28 3 12 11 44 41 15 18 1 16 36 27 30 32 23 19 21 8 17 26 20 13 35 5 2 37 45 7 6 38 40 9 10 22 31 29 33 39 46 14 43 
