46 59 42 18 75 9 40 47 100 53 45 4 30 85 99 79 14 94 8 17 37 20 89 36 34 48 96 62 67 23 38 31 6 73 63 56 27 78 33 68 60 86 72 1 22 97 84 11 93 77 87 5 15 26 90 35 57 81 0 69 51 32 66 61 58 3 43 19 2 98 50 16 82 92 76 83 13 41 29 70 28 95 44 39 12 52 25 7 54 10 74 65 24 71 21 49 55 91 80 64 88 
76 99 58 55 43 71 28 88 65 1 72 100 0 98 9 66 64 78 41 70 56 37 6 21 30 48 84 23 35 77 4 75 94 27 16 7 42 52 74 97 85 53 32 36 13 51 63 49 81 50 68 60 3 34 44 2 33 45 19 62 96 14 91 17 12 22 59 24 95 79 89 29 82 8 90 67 5 57 93 92 25 80 47 15 31 61 11 39 40 83 73 87 20 46 26 54 86 18 10 38 69 
74 50 95 73 15 76 93 56 35 46 6 58 41 99 100 64 79 78 52 67 42 2 88 75 53 38 21 90 81 51 30 65 11 40 23 86 91 71 47 0 62 19 18 3 5 29 59 12 49 10 85 96 25 89 16 9 45 32 80 17 72 61 1 7 55 83 8 13 14 94 39 48 54 20 43 60 44 69 84 97 26 33 92 82 34 31 22 87 28 57 27 63 24 77 68 70 36 98 37 4 66 
63 18 78 64 70 74 30 60 32 57 36 97 45 22 14 15 61 85 52 68 49 98 7 43 72 51 47 40 53 77 37 75 34 88 13 20 1 21 19 5 3 96 29 62 25 35 69 59 6 17 28 11 55 90 16 81 71 31 66 73 2 0 27 48 91 12 24 87 9 95 94 42 67 44 10 33 100 8 58 99 38 39 83 50 80 46 84 93 54 4 56 92 86 79 23 65 89 41 26 82 76 
49 17 4 97 45 24 42 52 69 43 5 74 58 61 57 82 44 75 40 89 38 11 93 79 21 99 83 95 80 32 41 70 15 12 35 26 67 81 48 9 33 60 6 87 37 8 64 2 31 28 29 27 47 86 20 36 84 85 54 51 88 23 65 3 16 39 68 94 77 50 25 98 53 96 7 62 56 10 72 14 92 18 34 76 30 0 78 55 1 100 90 91 63 71 59 22 66 73 19 13 46 
55 81 51 5 99 61 28 50 42 85 21 22 95 0 83 3 34 93 76 80 63 56 27 13 9 17 97 96 48 49 70 39 69 33 18 11 12 67 59 6 86 7 77 58 98 29 54 43 64 37 47 19 35 14 1 66 20 36 65 87 15 38 45 73 23 32 62 26 78 75 89 25 92 16 79 40 84 82 2 30 53 94 57 68 100 74 10 46 4 31 8 44 24 91 88 90 41 72 52 71 60 
37 77 94 9 18 50 52 72 60 14 16 48 83 84 23 39 87 66 1 56 45 11 27 28 25 20 98 93 69 13 15 89 3 90 82 10 75 5 26 38 63 22 64 49 57 53 100 80 40 59 35 73 4 42 36 21 81 55 24 95 17 6 30 88 97 92 33 7 61 70 19 74 0 8 54 12 2 99 44 78 29 76 32 43 65 68 34 86 79 58 91 31 47 67 41 62 46 51 71 96 85 
68 37 40 9 3 2 52 94 23 5 72 36 98 91 13 22 32 20 93 83 59 99 80 28 35 58 90 39 89 14 75 48 100 17 38 53 6 73 4 74 49 95 41 88 65 46 87 61 82 66 54 84 27 85 97 26 1 57 64 12 33 7 62 30 34 67 42 21 96 44 92 25 78 45 69 10 81 55 19 8 60 86 79 70 31 11 56 77 50 71 15 18 51 29 24 47 0 76 63 43 16 
59 39 64 60 8 93 1 87 21 31 0 48 4 7 96 42 68 65 34 71 14 17 75 62 74 99 27 95 67 69 28 73 51 83 84 5 70 40 22 30 20 44 46 86 80 6 91 47 88 38 85 58 81 49 76 37 100 9 43 90 19 77 24 23 26 45 50 63 2 97 15 89 56 72 79 18 66 10 25 52 33 16 57 61 41 12 54 55 82 94 35 29 78 3 11 92 32 53 13 36 98 
1 47 15 86 36 62 13 69 78 81 71 89 70 68 55 79 2 6 43 66 77 97 40 20 50 61 11 3 63 99 74 45 25 12 23 100 29 98 35 24 38 41 8 27 9 65 44 58 46 0 84 52 87 33 76 37 30 51 34 53 5 19 56 75 64 95 7 31 85 28 94 10 92 83 42 93 72 88 16 39 14 4 49 59 26 48 96 73 80 21 82 57 91 54 60 18 90 17 67 32 22 
