73 42 32 37 13 64 57 29 19 33 46 62 52 25 8 34 55 72 54 71 3 15 38 11 24 6 18 5 17 45 70 9 1 56 7 30 20 47 68 10 36 67 31 41 48 49 74 21 51 75 44 0 40 28 16 63 53 58 59 39 35 23 27 50 12 26 4 2 69 43 22 14 65 66 60 61 
14 67 43 64 57 25 39 35 47 75 36 31 54 38 70 1 56 27 10 68 6 37 13 72 62 51 50 48 9 12 17 29 23 11 7 8 58 53 73 71 42 66 65 33 46 28 63 59 52 44 26 18 45 49 16 41 55 5 4 30 60 3 15 21 24 2 20 0 22 40 34 74 69 19 32 61 
46 18 9 44 37 3 15 54 75 42 12 57 65 68 48 60 47 2 55 38 17 56 22 13 14 32 31 71 27 67 23 52 11 6 20 19 5 64 8 69 34 39 28 70 59 74 16 25 7 51 45 53 61 62 30 26 1 29 72 4 33 50 49 73 10 21 35 66 43 24 36 41 63 40 58 0 
70 15 58 1 49 34 64 25 26 31 14 2 63 7 56 16 57 9 72 67 24 36 19 33 8 39 28 35 5 13 18 50 44 41 22 51 32 48 21 68 65 75 43 4 11 73 74 60 0 10 71 54 61 23 47 53 38 42 12 40 3 37 59 62 17 66 27 69 52 46 6 20 30 55 45 29 
73 53 5 74 57 54 70 45 7 18 28 33 40 43 59 22 2 52 36 62 46 42 30 21 39 72 29 9 34 31 13 1 14 55 48 37 71 32 25 64 19 49 65 66 0 61 60 68 50 16 20 41 35 12 8 17 4 58 10 69 11 75 44 6 27 63 23 26 38 51 15 56 67 47 24 3 
21 74 22 45 51 66 75 1 8 12 37 17 16 23 26 49 24 32 57 52 65 73 27 36 14 35 5 72 9 48 34 7 41 50 53 43 60 31 58 44 70 59 61 42 6 28 71 19 39 3 62 68 18 54 38 33 4 0 11 20 2 46 67 30 69 55 63 13 56 47 15 29 40 64 25 10 
10 9 41 19 7 2 21 59 56 62 13 12 26 70 17 53 58 66 38 54 37 15 64 27 40 6 46 24 51 55 30 39 60 22 50 48 63 44 25 42 68 3 52 74 8 67 69 49 65 45 11 29 75 61 0 47 71 4 36 33 35 34 20 28 31 14 73 1 32 16 5 18 72 57 23 43 
2 27 3 58 73 67 9 68 34 56 72 64 45 74 42 10 24 1 46 37 59 53 75 13 36 15 17 31 49 51 6 48 5 23 55 26 29 71 28 47 18 16 62 43 21 32 25 33 0 50 20 14 19 57 40 63 66 65 7 12 41 60 54 61 69 39 35 22 11 38 44 70 30 52 8 4 
50 51 59 8 10 72 5 13 41 29 70 69 20 61 75 63 23 48 56 16 12 39 46 26 71 2 52 66 42 0 74 64 45 19 37 7 30 17 58 18 21 57 14 4 25 31 33 43 62 35 65 47 67 44 6 73 9 24 53 60 22 11 1 40 54 36 68 32 15 55 3 28 34 27 49 38 
23 32 22 13 69 53 44 68 54 3 30 20 65 58 21 56 45 11 12 50 29 59 57 17 71 62 49 35 33 19 73 67 75 26 64 8 37 25 61 7 16 27 15 31 38 2 1 60 52 43 6 74 36 24 28 55 18 46 41 70 14 34 4 47 48 9 39 51 63 72 10 66 5 42 0 40 
