12 33 43 14 19 45 17 31 32 52 9 8 16 39 21 42 20 10 28 13 36 51 18 24 4 48 26 46 29 50 7 23 0 44 35 41 40 49 3 27 1 37 25 38 6 15 22 34 5 2 30 47 11 
46 25 33 3 43 50 13 28 52 48 12 35 15 32 24 42 17 4 10 2 21 5 27 31 9 20 26 1 14 22 39 6 19 51 49 40 36 23 16 7 45 44 47 30 34 0 18 29 37 41 11 38 8 
52 29 4 1 24 5 44 21 51 11 10 35 19 37 13 25 17 18 16 30 28 39 48 6 41 42 45 26 36 46 3 38 14 12 34 31 0 33 49 47 23 50 2 40 9 22 27 20 32 7 15 8 43 
24 10 50 23 27 28 13 43 5 17 3 30 34 18 26 22 39 11 25 15 42 29 16 45 51 0 2 14 40 20 46 12 52 9 49 6 47 37 1 4 31 41 7 19 35 21 33 36 48 32 44 38 8 
49 29 42 11 0 9 6 31 16 52 10 5 18 34 36 7 39 48 24 26 14 20 13 33 12 38 44 35 30 45 19 43 23 32 21 8 51 28 46 22 47 17 15 40 27 4 1 50 41 25 2 37 3 
52 22 44 29 15 34 42 27 26 37 16 4 11 49 17 39 28 10 30 7 5 24 47 3 41 12 1 43 51 20 14 18 38 48 36 31 46 6 25 9 40 45 23 8 0 13 35 32 21 2 19 33 50 
24 20 15 44 36 17 34 35 26 41 39 9 43 3 16 6 28 8 30 7 33 23 12 5 49 48 42 22 37 50 27 47 25 10 14 38 1 4 45 40 29 31 52 11 46 19 13 0 32 18 51 2 21 
13 39 42 8 15 17 30 48 11 26 47 1 12 38 6 18 28 36 46 52 5 23 14 49 34 21 0 2 51 20 35 10 7 3 19 41 27 33 44 40 43 16 31 45 50 9 29 22 24 37 25 32 4 
26 25 36 27 43 4 40 47 8 30 37 24 52 28 11 10 13 7 39 5 14 20 42 31 16 6 44 41 15 34 38 0 23 17 46 48 49 35 9 29 51 3 12 2 1 33 22 19 21 50 45 32 18 
30 2 25 16 14 23 21 39 20 7 33 3 42 34 27 37 41 6 36 40 29 49 35 19 4 24 9 15 32 50 46 43 10 28 52 22 5 48 8 13 26 17 1 45 31 18 47 38 0 44 11 51 12 
