0 21 18 23 1 38 44 16 29 27 11 2 37 4 30 3 34 8 42 14 7 39 36 6 31 24 25 10 15 12 26 40 32 28 13 43 5 41 17 35 20 9 22 19 33 
30 43 31 32 0 37 44 12 41 21 29 36 4 24 17 8 35 40 3 11 14 13 15 42 28 22 16 10 5 19 25 39 1 18 38 26 27 9 7 20 23 2 6 33 34 
11 6 22 26 40 43 37 19 12 1 10 28 15 30 3 0 44 2 13 42 18 8 21 4 24 35 20 14 5 16 39 23 17 38 33 7 41 29 25 9 31 32 34 36 27 
4 7 41 26 17 20 0 43 16 36 19 38 5 14 18 35 11 8 34 42 3 37 44 31 28 23 24 6 21 39 27 1 40 15 12 13 30 29 22 2 10 32 33 9 25 
42 26 43 3 15 17 8 37 23 11 2 24 29 6 10 34 33 44 16 40 32 20 41 25 1 9 18 28 21 19 13 14 12 0 36 38 35 30 31 4 5 39 7 22 27 
37 4 3 8 33 12 10 34 22 0 31 40 42 6 18 25 24 35 36 5 21 26 7 43 17 30 9 39 27 38 41 2 20 16 23 14 19 32 11 29 44 1 15 28 13 
29 6 19 36 17 23 9 34 4 16 2 10 1 26 12 33 31 40 14 15 11 21 22 39 18 37 42 8 24 3 7 20 5 44 41 0 35 13 43 28 27 32 30 38 25 
2 31 34 44 30 41 27 5 12 43 13 23 11 32 42 9 19 17 14 24 36 16 6 4 40 1 29 28 35 20 33 0 3 15 8 37 21 7 10 18 26 38 22 25 39 
15 22 25 41 32 13 12 38 24 11 4 44 26 35 31 1 36 23 18 37 0 17 14 34 30 21 7 2 29 6 28 16 39 42 43 40 33 20 3 8 27 10 5 19 9 
29 39 17 33 40 2 18 4 7 30 32 31 27 23 34 0 9 3 36 5 25 28 6 11 16 24 42 19 22 1 8 12 10 41 26 20 38 44 15 37 43 35 14 13 21 
