9 35 24 25 48 43 11 57 19 40 12 29 47 51 38 2 26 14 0 34 60 3 58 36 41 10 54 31 55 46 52 13 17 59 23 61 50 42 16 6 33 28 32 39 21 20 1 64 27 63 62 49 15 56 53 5 30 37 4 8 45 22 7 44 18 
62 1 55 40 23 32 41 14 29 30 42 36 22 35 28 49 37 48 38 63 43 0 44 7 5 20 12 26 33 52 34 60 46 27 18 50 2 3 11 9 8 25 61 10 47 57 58 16 15 21 4 51 56 45 17 19 59 6 39 53 54 13 24 31 64 
11 57 22 30 56 62 24 53 52 35 13 20 6 12 8 60 40 46 48 39 37 28 4 3 23 36 33 18 64 14 19 1 0 32 21 2 26 29 61 27 63 58 9 31 34 45 49 7 55 42 17 51 47 41 50 15 54 25 38 43 44 16 5 59 10 
54 21 48 51 35 29 10 57 46 64 42 40 31 2 62 8 18 63 34 47 5 9 26 41 7 28 23 1 37 52 17 4 3 49 32 13 55 61 30 45 60 59 22 12 24 19 50 44 53 20 58 43 15 16 27 14 11 33 36 38 25 0 56 6 39 
11 62 41 60 30 64 1 10 39 27 53 52 57 26 23 0 24 37 59 9 28 32 5 21 46 7 51 18 56 35 50 36 45 20 49 42 8 19 40 22 2 15 61 16 13 14 12 63 44 6 4 17 33 34 3 48 25 58 31 55 47 54 38 43 29 
55 40 62 64 15 41 53 14 34 7 18 58 5 23 3 16 8 21 60 11 13 32 33 37 63 6 51 61 45 35 59 46 50 57 56 24 19 0 36 25 29 38 30 48 9 22 49 20 54 1 42 2 12 26 39 17 4 43 44 31 10 52 27 28 47 
57 49 44 26 28 53 7 47 50 30 20 33 40 22 51 36 39 14 17 43 4 8 12 3 32 58 5 15 38 42 34 62 52 46 61 19 55 31 37 25 29 41 1 2 27 54 24 18 63 59 0 48 23 60 45 13 21 10 16 9 64 6 11 35 56 
6 10 58 12 47 27 25 29 30 18 3 28 14 52 22 15 31 44 64 57 21 38 13 40 53 55 51 42 16 4 5 48 59 50 33 24 17 8 11 54 60 26 43 9 19 63 1 32 49 20 45 39 34 7 61 41 56 46 23 37 2 36 62 35 0 
61 31 10 40 64 21 38 12 32 39 33 16 25 29 5 1 56 15 44 63 0 46 52 34 55 48 23 27 50 49 57 22 4 53 9 24 17 6 14 18 28 3 51 45 42 19 13 20 26 54 30 41 7 59 58 62 11 36 37 43 8 60 2 47 35 
48 11 54 29 2 49 9 16 20 39 45 57 15 59 46 25 14 19 31 38 17 18 34 10 56 8 4 12 7 42 1 28 6 55 0 63 44 27 51 50 24 32 43 60 40 52 35 58 37 13 21 47 3 23 22 61 5 36 64 62 33 30 53 26 41 
