41 47 26 17 46 16 28 6 22 37 4 40 15 35 21 36 20 10 13 30 3 38 25 12 32 8 18 0 42 39 33 9 43 23 31 29 24 7 14 1 27 44 34 45 2 5 11 19 
6 15 40 27 43 22 35 20 31 17 13 11 28 47 10 2 34 8 38 5 37 46 42 4 12 18 44 24 32 26 41 39 16 0 25 9 33 14 7 45 3 21 29 1 23 36 30 19 
4 38 12 19 24 29 27 11 16 28 36 43 34 15 47 14 1 23 8 10 41 45 33 5 9 7 26 35 0 18 30 25 6 37 46 32 40 22 13 2 20 39 3 44 31 17 42 21 
30 23 41 47 2 40 44 20 31 33 39 1 46 18 17 34 35 8 0 22 26 21 11 32 12 16 28 3 9 29 27 13 14 4 42 25 36 7 5 43 10 45 38 37 19 6 24 15 
43 5 8 4 12 22 0 17 39 35 20 21 24 10 16 47 33 27 18 13 23 32 25 41 45 31 7 28 1 38 2 15 37 46 11 3 14 9 42 36 29 30 6 34 40 44 19 26 
15 27 35 34 5 1 36 25 0 3 42 40 46 31 8 22 28 29 20 17 33 4 6 11 41 2 37 13 43 45 32 38 16 23 10 39 9 26 12 24 44 19 30 7 14 21 47 18 
43 27 12 40 23 22 21 17 15 42 9 25 2 10 34 3 1 0 29 4 44 19 41 31 45 47 7 28 36 14 8 18 11 33 16 35 37 24 5 32 46 13 38 39 30 26 20 6 
7 39 44 46 40 15 1 4 21 2 16 32 26 25 23 37 45 11 8 20 36 28 18 47 3 41 42 27 19 5 35 22 12 14 33 13 30 43 17 24 38 10 9 6 34 31 0 29 
4 13 8 22 1 34 36 46 44 12 42 29 24 15 20 45 26 14 33 0 35 21 18 31 19 11 38 23 32 25 2 3 17 39 40 28 27 6 47 9 7 5 43 10 30 41 37 16 
26 23 34 7 6 3 9 35 5 8 42 33 14 31 17 20 45 21 24 47 39 2 44 37 16 22 38 27 12 41 25 13 15 40 10 43 32 18 4 46 30 28 0 1 29 36 11 19 
