31 30 13 16 18 0 27 34 9 10 17 33 7 29 39 2 41 37 15 3 40 12 25 26 4 23 35 28 19 11 1 22 36 5 24 32 20 38 6 21 14 8 
21 10 30 23 13 28 15 8 41 25 16 34 26 29 5 40 2 7 36 20 3 9 12 27 33 24 17 38 32 6 0 37 11 14 22 4 31 19 1 35 18 39 
13 4 18 2 39 15 32 34 37 6 22 31 10 7 0 38 11 30 17 21 28 9 12 19 24 33 1 26 5 14 20 41 23 40 36 16 25 3 29 27 8 35 
30 21 31 10 1 6 12 34 32 27 7 35 3 24 40 13 29 23 26 16 5 0 25 20 37 8 38 2 39 14 33 18 15 36 22 28 4 17 9 11 19 41 
31 6 15 11 23 22 2 14 13 19 26 0 29 40 20 10 18 36 9 25 5 39 16 37 38 41 32 7 12 3 24 21 34 17 30 4 27 33 35 8 1 28 
32 17 35 30 13 22 37 26 41 33 18 38 3 27 0 34 39 16 6 1 21 28 10 2 4 14 5 25 11 15 40 31 19 29 24 7 36 20 23 12 8 9 
15 30 34 40 2 31 16 10 4 29 27 38 6 11 22 9 26 17 28 19 32 37 1 14 7 0 20 33 18 21 36 12 25 3 13 24 39 35 41 5 23 8 
4 28 36 33 31 41 34 10 35 24 29 15 22 38 20 14 8 32 39 30 37 27 23 17 25 13 0 5 3 1 12 7 11 9 21 26 2 19 40 6 16 18 
28 38 12 24 6 37 39 32 1 27 17 35 36 2 40 15 10 14 13 19 29 4 3 7 16 18 33 21 8 0 9 11 41 34 25 30 22 23 20 5 26 31 
22 29 5 9 4 34 0 14 13 17 25 2 21 15 26 32 31 18 36 39 37 30 23 28 35 11 20 3 12 40 41 7 16 27 1 8 10 33 6 19 38 24 
